cdf1 <- c(0.0000, 0.1500, 0.3200, 0.5100, 0.6300, 0.7400, 0.8200, 0.8600, 0.8900, 0.9000, 0.9000, 0.9100, 0.9100, 0.9100, 0.9200, 0.9300, 0.9600, 0.9600, 0.9700, 0.9700, 0.9700, 0.9700, 0.9700, 0.9700, 0.9800, 0.9900, 0.9900, 1.0000)
cdf2 <- c(0.0000 , 0.1720 , 0.3470 , 0.5120 , 0.6690 , 0.7720 , 0.8270 , 0.8700 , 0.8910 , 0.9140 , 0.9280 , 0.9380 , 0.9460 , 0.9520 , 0.9580 , 0.9660 , 0.9680 , 0.9720 , 0.9740 , 0.9750 , 0.9760 , 0.9790 , 0.9790 , 0.9810 , 0.9830 , 0.9870 , 0.9890 , 0.9900 , 0.9900 , 0.9900 , 0.9900 , 0.9910 , 0.9910 , 0.9910 , 0.9910 , 0.9920 , 0.9920 , 0.9920 , 0.9920 , 0.9930 , 0.9930 , 0.9930 , 0.9930 , 0.9930 , 0.9940 , 0.9940 , 0.9940 , 0.9940 , 0.9940 , 0.9940 , 0.9940 , 0.9940 , 0.9940 , 0.9950 , 0.9950 , 0.9960 , 0.9960 , 0.9960 , 0.9970 , 0.9970 , 0.9970 , 0.9970 , 0.9970 , 0.9970 , 0.9970 , 0.9970 , 0.9970 , 0.9980 , 0.9980 , 0.9980 , 0.9980 , 0.9980 , 0.9980 , 0.9980 , 0.9980 , 0.9980 , 0.9980 , 0.9980 , 0.9980 , 0.9980 , 0.9980 , 0.9980 , 0.9990 , 0.9990 , 0.9990 , 0.9990 , 0.9990 , 0.9990 , 0.9990 , 0.9990 , 0.9990 , 0.9990 , 0.9990 , 0.9990 , 0.9990 , 0.9990 , 0.9990 , 0.9990 , 0.9990 , 0.9990 , 0.9990 , 0.9990 , 0.9990 , 1.0000)
cdf3 <- c(0.0000 , 0.1657 , 0.3375 , 0.5008 , 0.6661 , 0.7619 , 0.8210 , 0.8609 , 0.8894 , 0.9084 , 0.9239 , 0.9352 , 0.9439 , 0.9519 , 0.9576 , 0.9628 , 0.9656 , 0.9691 , 0.9728 , 0.9750 , 0.9772 , 0.9798 , 0.9820 , 0.9830 , 0.9846 , 0.9862 , 0.9872 , 0.9877 , 0.9884 , 0.9893 , 0.9902 , 0.9905 , 0.9911 , 0.9914 , 0.9916 , 0.9922 , 0.9927 , 0.9931 , 0.9934 , 0.9936 , 0.9939 , 0.9944 , 0.9945 , 0.9950 , 0.9953 , 0.9955 , 0.9958 , 0.9959 , 0.9962 , 0.9962 , 0.9962 , 0.9963 , 0.9965 , 0.9966 , 0.9967 , 0.9969 , 0.9971 , 0.9971 , 0.9972 , 0.9972 , 0.9972 , 0.9972 , 0.9975 , 0.9975 , 0.9975 , 0.9976 , 0.9977 , 0.9977 , 0.9977 , 0.9978 , 0.9978 , 0.9979 , 0.9981 , 0.9983 , 0.9983 , 0.9983 , 0.9984 , 0.9985 , 0.9985 , 0.9986 , 0.9987 , 0.9987 , 0.9987 , 0.9987 , 0.9987 , 0.9987 , 0.9987 , 0.9987 , 0.9988 , 0.9988 , 0.9988 , 0.9988 , 0.9988 , 0.9988 , 0.9988 , 0.9988 , 0.9988 , 0.9988 , 0.9988 , 0.9988 , 0.9988 , 0.9988 , 0.9989 , 0.9990 , 0.9990 , 0.9990 , 0.9990 , 0.9990 , 0.9990 , 0.9991 , 0.9991 , 0.9991 , 0.9991 , 0.9991 , 0.9992 , 0.9992 , 0.9992 , 0.9992 , 0.9992 , 0.9992 , 0.9992 , 0.9992 , 0.9992 , 0.9993 , 0.9993 , 0.9993 , 0.9993 , 0.9993 , 0.9993 , 0.9993 , 0.9993 , 0.9993 , 0.9993 , 0.9993 , 0.9993 , 0.9993 , 0.9993 , 0.9993 , 0.9993 , 0.9993 , 0.9993 , 0.9993 , 0.9993 , 0.9993 , 0.9993 , 0.9993 , 0.9993 , 0.9994 , 0.9995 , 0.9995 , 0.9995 , 0.9996 , 0.9996 , 0.9996 , 0.9996 , 0.9996 , 0.9996 , 0.9996 , 0.9996 , 0.9996 , 0.9996 , 0.9996 , 0.9996 , 0.9996 , 0.9996 , 0.9996 , 0.9996 , 0.9996 , 0.9996 , 0.9997 , 0.9997 , 0.9997 , 0.9997 , 0.9997 , 0.9997 , 0.9997 , 0.9997 , 0.9997 , 0.9997 , 0.9997 , 0.9997 , 0.9997 , 0.9997 , 0.9997 , 0.9997 , 0.9997 , 0.9997 , 0.9997 , 0.9997 , 0.9998 , 0.9998 , 0.9998 , 0.9998 , 0.9998 , 0.9998 , 0.9998 , 0.9998 , 0.9998 , 0.9998 , 0.9998 , 0.9998 , 0.9998 , 0.9998 , 0.9998 , 0.9998 , 0.9998 , 0.9998 , 0.9998 , 0.9998 , 0.9998 , 0.9998 , 0.9998 , 0.9998 , 0.9998 , 0.9998 , 0.9998 , 0.9998 , 0.9998 , 0.9998 , 0.9998 , 0.9998 , 0.9998 , 0.9998 , 0.9998 , 0.9998 , 0.9998 , 0.9998 , 0.9998 , 0.9998 , 0.9998 , 0.9998 , 0.9998 , 0.9998 , 0.9998 , 0.9998 , 0.9998 , 0.9998 , 0.9998 , 0.9998 , 0.9998 , 0.9998 , 0.9998 , 0.9998 , 0.9998 , 0.9998 , 0.9998 , 0.9998 , 0.9998 , 0.9998 , 0.9998 , 0.9998 , 0.9998 , 0.9998 , 0.9998 , 0.9999 , 0.9999 , 0.9999 , 0.9999 , 0.9999 , 0.9999 , 0.9999 , 0.9999 , 0.9999 , 0.9999 , 0.9999 , 0.9999 , 0.9999 , 0.9999 , 0.9999 , 0.9999 , 0.9999 , 0.9999 , 0.9999 , 0.9999 , 0.9999 , 0.9999 , 0.9999 , 0.9999 , 0.9999 , 0.9999 , 0.9999 , 0.9999 , 0.9999 , 0.9999 , 0.9999 , 0.9999 , 0.9999 , 0.9999 , 0.9999 , 0.9999 , 0.9999 , 0.9999 , 0.9999 , 0.9999 , 0.9999 , 0.9999 , 0.9999 , 0.9999 , 0.9999 , 0.9999 , 0.9999 , 0.9999 , 0.9999 , 0.9999 , 0.9999 , 0.9999 , 0.9999 , 0.9999 , 0.9999 , 0.9999 , 0.9999 , 0.9999 , 0.9999 , 0.9999 , 0.9999 , 0.9999 , 0.9999 , 0.9999 , 0.9999 , 0.9999 , 0.9999 , 0.9999 , 0.9999 , 0.9999 , 0.9999 , 0.9999 , 0.9999 , 0.9999 , 0.9999 , 0.9999 , 0.9999 , 0.9999 , 0.9999 , 0.9999 , 0.9999 , 0.9999 , 0.9999 , 0.9999 , 0.9999 , 0.9999 , 0.9999 , 0.9999 , 1.0000)

vec1 = seq(0:((length(cdf1))-1))
vec2 = seq(0:((length(cdf2))-1))
vec3 = seq(0:((length(cdf3))-1))

#par(mfrow=c(1,3))
#plot(vec3,cdf3, type="l", col="red")
#plot(vec2,cdf2, type="l", col="red")
#plot(vec1,cdf1, type="l", col="red")

plot(vec3,cdf3, type="l", col="red")
lines(vec2,cdf2, type="l", col="blue")
lines(vec1, cdf1, type="l", col="green")
