#Cuumulative distrobution
cdd1 <- c(0.0000 , 0.0000 , 0.0000 , 0.0000 , 0.3400 , 0.5200 , 0.6000 , 0.6900 , 0.7300 , 0.7900 , 0.8400 , 0.8700 , 0.8900 , 0.9000 , 0.9100 , 0.9200 , 0.9200 , 0.9200 , 0.9300 , 0.9300 , 0.9400 , 0.9500 , 0.9500 , 0.9600 , 0.9600 , 0.9600 , 0.9700 , 0.9700 , 0.9700 , 0.9700 , 0.9800 , 0.9800 , 0.9800 , 1.0000)
cdd2 <- c(0.0000 , 0.0000 , 0.0000 , 0.0000 , 0.3230 , 0.5160 , 0.6360 , 0.7290 , 0.7810 , 0.8220 , 0.8480 , 0.8710 , 0.8920 , 0.9050 , 0.9160 , 0.9290 , 0.9310 , 0.9400 , 0.9440 , 0.9490 , 0.9530 , 0.9560 , 0.9580 , 0.9610 , 0.9670 , 0.9680 , 0.9680 , 0.9730 , 0.9740 , 0.9770 , 0.9780 , 0.9780 , 0.9780 , 0.9800 , 0.9820 , 0.9840 , 0.9840 , 0.9860 , 0.9860 , 0.9870 , 0.9870 , 0.9870 , 0.9870 , 0.9870 , 0.9880 , 0.9880 , 0.9880 , 0.9880 , 0.9880 , 0.9880 , 0.9880 , 0.9880 , 0.9880 , 0.9900 , 0.9910 , 0.9910 , 0.9910 , 0.9920 , 0.9920 , 0.9940 , 0.9940 , 0.9940 , 0.9940 , 0.9940 , 0.9940 , 0.9940 , 0.9940 , 0.9950 , 0.9950 , 0.9950 , 0.9950 , 0.9950 , 0.9960 , 0.9960 , 0.9960 , 0.9960 , 0.9960 , 0.9960 , 0.9960 , 0.9960 , 0.9960 , 0.9970 , 0.9970 , 0.9970 , 0.9970 , 0.9970 , 0.9970 , 0.9970 , 0.9980 , 0.9980 , 0.9980 , 0.9980 , 0.9980 , 0.9980 , 0.9980 , 0.9980 , 0.9980 , 0.9980 , 0.9980 , 0.9980 , 0.9980 , 0.9980 , 0.9980 , 0.9990 , 0.9990 , 0.9990 , 0.9990 , 0.9990 , 0.9990 , 0.9990 , 0.9990 , 0.9990 , 0.9990 , 0.9990 , 0.9990 , 0.9990 , 1.0000)
cdd3 <- c(0.0000 , 0.0000 , 0.0000 , 0.0000 , 0.3377 , 0.5224 , 0.6440 , 0.7247 , 0.7818 , 0.8218 , 0.8515 , 0.8762 , 0.8925 , 0.9046 , 0.9158 , 0.9265 , 0.9352 , 0.9405 , 0.9462 , 0.9515 , 0.9557 , 0.9596 , 0.9629 , 0.9659 , 0.9684 , 0.9710 , 0.9731 , 0.9748 , 0.9759 , 0.9773 , 0.9786 , 0.9800 , 0.9814 , 0.9827 , 0.9836 , 0.9843 , 0.9852 , 0.9862 , 0.9867 , 0.9876 , 0.9879 , 0.9884 , 0.9890 , 0.9898 , 0.9900 , 0.9905 , 0.9909 , 0.9915 , 0.9918 , 0.9921 , 0.9925 , 0.9927 , 0.9929 , 0.9931 , 0.9935 , 0.9935 , 0.9937 , 0.9938 , 0.9938 , 0.9940 , 0.9942 , 0.9942 , 0.9943 , 0.9945 , 0.9946 , 0.9947 , 0.9948 , 0.9948 , 0.9949 , 0.9952 , 0.9953 , 0.9953 , 0.9953 , 0.9954 , 0.9954 , 0.9955 , 0.9955 , 0.9957 , 0.9957 , 0.9959 , 0.9962 , 0.9962 , 0.9964 , 0.9964 , 0.9966 , 0.9968 , 0.9970 , 0.9970 , 0.9971 , 0.9971 , 0.9971 , 0.9971 , 0.9974 , 0.9975 , 0.9975 , 0.9976 , 0.9977 , 0.9978 , 0.9978 , 0.9978 , 0.9979 , 0.9979 , 0.9979 , 0.9979 , 0.9981 , 0.9982 , 0.9982 , 0.9982 , 0.9982 , 0.9982 , 0.9982 , 0.9982 , 0.9982 , 0.9982 , 0.9982 , 0.9982 , 0.9982 , 0.9982 , 0.9983 , 0.9983 , 0.9983 , 0.9983 , 0.9983 , 0.9983 , 0.9983 , 0.9984 , 0.9984 , 0.9984 , 0.9985 , 0.9985 , 0.9985 , 0.9985 , 0.9985 , 0.9985 , 0.9986 , 0.9986 , 0.9986 , 0.9986 , 0.9986 , 0.9987 , 0.9987 , 0.9987 , 0.9988 , 0.9988 , 0.9988 , 0.9988 , 0.9988 , 0.9988 , 0.9988 , 0.9988 , 0.9988 , 0.9990 , 0.9990 , 0.9990 , 0.9990 , 0.9990 , 0.9990 , 0.9990 , 0.9990 , 0.9990 , 0.9990 , 0.9990 , 0.9990 , 0.9990 , 0.9990 , 0.9990 , 0.9990 , 0.9990 , 0.9991 , 0.9991 , 0.9991 , 0.9991 , 0.9991 , 0.9991 , 0.9991 , 0.9991 , 0.9991 , 0.9991 , 0.9991 , 0.9991 , 0.9991 , 0.9991 , 0.9991 , 0.9991 , 0.9992 , 0.9992 , 0.9992 , 0.9992 , 0.9992 , 0.9992 , 0.9992 , 0.9993 , 0.9993 , 0.9994 , 0.9995 , 0.9995 , 0.9995 , 0.9995 , 0.9995 , 0.9995 , 0.9995 , 0.9995 , 0.9995 , 0.9995 , 0.9995 , 0.9995 , 0.9995 , 0.9995 , 0.9995 , 0.9995 , 0.9995 , 0.9995 , 0.9995 , 0.9995 , 0.9995 , 0.9995 , 0.9995 , 0.9995 , 0.9995 , 0.9995 , 0.9995 , 0.9995 , 0.9995 , 0.9996 , 0.9996 , 0.9996 , 0.9996 , 0.9996 , 0.9996 , 0.9996 , 0.9996 , 0.9996 , 0.9996 , 0.9996 , 0.9996 , 0.9996 , 0.9996 , 0.9996 , 0.9996 , 0.9996 , 0.9996 , 0.9996 , 0.9996 , 0.9996 , 0.9996 , 0.9996 , 0.9996 , 0.9996 , 0.9996 , 0.9996 , 0.9996 , 0.9996 , 0.9996 , 0.9996 , 0.9996 , 0.9996 , 0.9996 , 0.9996 , 0.9996 , 0.9996 , 0.9996 , 0.9996 , 0.9996 , 0.9996 , 0.9996 , 0.9997 , 0.9997 , 0.9997 , 0.9997 , 0.9997 , 0.9997 , 0.9997 , 0.9997 , 0.9997 , 0.9998 , 0.9998 , 0.9998 , 0.9998 , 0.9998 , 0.9998 , 0.9998 , 0.9998 , 0.9998 , 0.9998 , 0.9998 , 0.9998 , 0.9998 , 0.9998 , 0.9998 , 0.9998 , 0.9998 , 0.9998 , 0.9998 , 0.9998 , 0.9998 , 0.9998 , 0.9998 , 0.9998 , 0.9998 , 0.9998 , 0.9998 , 0.9998 , 0.9998 , 0.9998 , 0.9998 , 0.9998 , 0.9998 , 0.9998 , 0.9998 , 0.9998 , 0.9998 , 0.9998 , 0.9998 , 0.9998 , 0.9998 , 0.9999 , 0.9999 , 0.9999 , 0.9999 , 0.9999 , 0.9999 , 0.9999 , 0.9999 , 0.9999 , 0.9999 , 0.9999 , 0.9999 , 0.9999 , 0.9999 , 0.9999 , 0.9999 , 0.9999 , 0.9999 , 0.9999 , 0.9999 , 0.9999 , 0.9999 , 0.9999 , 0.9999 , 0.9999 , 0.9999 , 0.9999 , 0.9999 , 0.9999 , 0.9999 , 0.9999 , 0.9999 , 0.9999 , 0.9999 , 0.9999 , 0.9999 , 0.9999 , 0.9999 , 0.9999 , 0.9999 , 0.9999 , 0.9999 , 0.9999 , 0.9999 , 0.9999 , 0.9999 , 0.9999 , 0.9999 , 0.9999 , 0.9999 , 0.9999 , 0.9999 , 0.9999 , 0.9999 , 0.9999 , 0.9999 , 0.9999 , 0.9999 , 0.9999 , 0.9999 , 0.9999 , 0.9999 , 0.9999 , 0.9999 , 0.9999 , 0.9999 , 0.9999 , 0.9999 , 0.9999 , 0.9999 , 0.9999 , 0.9999 , 0.9999 , 0.9999 , 0.9999 , 0.9999 , 0.9999 , 0.9999 , 1.0000)

vec1 = seq(0:((length(cdd1))-1))
vec2 = seq(0:((length(cdd2))-1))
vec3 = seq(0:((length(cdd3))-1))
vec1 = log(vec1)
vec2 = log(vec2)
vec3 = log(vec3)

png('cum-dist.png', width = 720, height = 720)
plot(vec3,cdd3, type="l", col="red", xlim=c(1,4))
lines(vec2,cdd2, type="l", col="blue")
lines(vec1, cdd1, type="l", col="green")
dev.off()

#Plot degree distrobution by powerlaw (k^-3)
powerlaw_x = log( seq(1 : 100) )
powerlaw_y = log( seq(1 : 100) ^ -3 )

dd1 <- c(0, 0, 0, 0, 34, 18, 8, 9, 4, 6, 5, 3, 2, 1, 1, 1, 0, 0, 1, 0, 1, 1, 0, 1, 0, 0, 1, 0, 0, 0, 1, 0, 0, 2)
dd2 <- c(0, 0, 0, 0, 323, 193, 120, 93, 52, 41, 26, 23, 21, 13, 11, 13, 2, 9, 4, 5, 4, 3, 2, 3, 6, 1, 0, 5, 1, 3, 1, 0, 0, 2, 2, 2, 0, 2, 0, 1, 0, 0, 0, 0, 1, 0, 0, 0, 0, 0, 0, 0, 0, 2, 1, 0, 0, 1, 0, 2, 0, 0, 0, 0, 0, 0, 0, 1, 0, 0, 0, 0, 1, 0, 0, 0, 0, 0, 0, 0, 0, 1, 0, 0, 0, 0, 0, 0, 1, 0, 0, 0, 0, 0, 0, 0, 0, 0, 0, 0, 0, 0, 0, 1, 0, 0, 0, 0, 0, 0, 0, 0, 0, 0, 0, 0, 1)
dd3 <- c(0, 0, 0, 0, 3377, 1847, 1216, 807, 571, 400, 297, 247, 163, 121, 112, 107, 87, 53, 57, 53, 42, 39, 33, 30, 25, 26, 21, 17, 11, 14, 13, 14, 14, 13, 9, 7, 9, 10, 5, 9, 3, 5, 6, 8, 2, 5, 4, 6, 3, 3, 4, 2, 2, 2, 4, 0, 2, 1, 0, 2, 2, 0, 1, 2, 1, 1, 1, 0, 1, 3, 1, 0, 0, 1, 0, 1, 0, 2, 0, 2, 3, 0, 2, 0, 2, 2, 2, 0, 1, 0, 0, 0, 3, 1, 0, 1, 1, 1, 0, 0, 1, 0, 0, 0, 2, 1, 0, 0, 0, 0, 0, 0, 0, 0, 0, 0, 0, 0, 1, 0, 0, 0, 0, 0, 0, 1, 0, 0, 1, 0, 0, 0, 0, 0, 1, 0, 0, 0, 0, 1, 0, 0, 1, 0, 0, 0, 0, 0, 0, 0, 0, 2, 0, 0, 0, 0, 0, 0, 0, 0, 0, 0, 0, 0, 0, 0, 0, 0, 1, 0, 0, 0, 0, 0, 0, 0, 0, 0, 0, 0, 0, 0, 0, 0, 1, 0, 0, 0, 0, 0, 0, 1, 0, 1, 1, 0, 0, 0, 0, 0, 0, 0, 0, 0, 0, 0, 0, 0, 0, 0, 0, 0, 0, 0, 0, 0, 0, 0, 0, 0, 0, 0, 0, 1, 0, 0, 0, 0, 0, 0, 0, 0, 0, 0, 0, 0, 0, 0, 0, 0, 0, 0, 0, 0, 0, 0, 0, 0, 0, 0, 0, 0, 0, 0, 0, 0, 0, 0, 0, 0, 0, 0, 0, 0, 0, 1, 0, 0, 0, 0, 0, 0, 0, 0, 1, 0, 0, 0, 0, 0, 0, 0, 0, 0, 0, 0, 0, 0, 0, 0, 0, 0, 0, 0, 0, 0, 0, 0, 0, 0, 0, 0, 0, 0, 0, 0, 0, 0, 0, 0, 0, 0, 0, 0, 0, 1, 0, 0, 0, 0, 0, 0, 0, 0, 0, 0, 0, 0, 0, 0, 0, 0, 0, 0, 0, 0, 0, 0, 0, 0, 0, 0, 0, 0, 0, 0, 0, 0, 0, 0, 0, 0, 0, 0, 0, 0, 0, 0, 0, 0, 0, 0, 0, 0, 0, 0, 0, 0, 0, 0, 0, 0, 0, 0, 0, 0, 0, 0, 0, 0, 0, 0, 0, 0, 0, 0, 0, 0, 0, 0, 0, 0, 0, 1)
vec1 = log(seq(0:((length(dd1))-1)))
vec2 = log(seq(0:((length(dd2))-1)))
vec3 = log(seq(0:((length(dd3))-1)))

dd1 = log(dd1 / 100)
dd2 = log(dd2 / 1000)
dd3 = log(dd3 / 10000)

png('degree-distro.png', width = 720, height = 720)
plot(powerlaw_x, powerlaw_y, col="purple", xlab = "log(k)", ylab = "log(P(k))")
lines(vec1, dd1, type = "p", col="red")
lines(vec2, dd2, type = "p", col="blue")
lines(vec3, dd3, type = "p", col="green")
dev.off()

#Avg clustering coeff
